#
# Dados experimentais de cada medição
#

general:
    uposicao-tracker: 0.0020412414523193153 # triangular (regua)
    utempo-tracker: 0.004811252243246881 # retangular de 1/60 (nº de frames)
    diametro-tarraxinha: 10.2E-3 # medido com paquímetro
    udiametro-tarraxinha: 0.00020412414523193154 # incerteza do paquímetro

experimental-data:
    Profundidade 1:
        profundidade: 20.65E-3 # profundidade
        uprofundidade: 0.0004898979485566356 # incerteza da profundidade

    Profundidade 2:
        profundidade: 21.6E-3
        uprofundidade: 0.0004898979485566356

    Profundidade 3:
        profundidade: 22.8E-3
        uprofundidade: 0.0004898979485566356

    Profundidade 4:
        profundidade: 25.8E-3
        uprofundidade: 0.0004898979485566356

    Profundidade 5:
        profundidade: 27.5E-3
        uprofundidade: 0.0004898979485566356

    Alcool 1:
        concentracao: 0.0333
        uconcentracao: 0.0017
        alcool: 0.5

    Alcool 2:
        concentracao: 0.080
        uconcentracao: 0.004
        alcool: 0.7

    Alcool 3:
        concentracao: 0.100
        uconcentracao: 0.005
        alcool: 0.3

    Alcool 4:
        concentracao: 0.127
        uconcentracao: 0.006
        alcool: 0.4

    Lantejoulas 0:
        massa: 0.3439E-3
        umassa: 2.886751345948129E-08

    Lantejoulas 1:
        massa: 0.3509E-3
        umassa: 2.886751345948129E-08

    Lantejoulas 2:
        massa: 0.3577E-3
        umassa: 2.886751345948129E-08

    Lantejoulas 3:
        massa: 0.3646E-3
        umassa: 2.886751345948129E-08

    Lantejoulas 4:
        massa: 0.3711E-3
        umassa: 2.886751345948129E-08

    Lantejoulas 5:
        massa: 0.3775E-3
        umassa: 2.886751345948129E-08
